000000 000000 000000 000000 000000 000000 000000 000000 000000 000000 000000 000000 000000 000000 000000 000000 000000 000000 000000 000000 000000 000000 000000 000000 000000 000000 000000 000000 000000 000000 000000 000000 
000000 000000 000000 000000 000000 000000 000000 000000 000000 000000 000000 000000 000000 000000 000000 004058 004058 004058 004058 000000 000000 000000 000000 000000 000000 000000 000000 000000 000000 000000 000000 000000 
000000 000000 000000 000000 000000 000000 000000 000000 000000 000000 000000 000000 000000 004058 004058 004058 004058 004058 004058 004058 004058 000000 000000 000000 000000 000000 000000 000000 000000 000000 000000 000000 
000000 000000 000000 000000 000000 000000 000000 000000 000000 000000 000000 000000 004058 004058 004058 004058 004058 004058 004058 004058 004058 004058 000000 000000 000000 000000 000000 000000 000000 000000 000000 000000 
000000 000000 000000 000000 000000 000000 000000 000000 000000 000000 000000 004058 004058 004058 004058 008888 004058 008888 004058 004058 004058 004058 000000 000000 000000 000000 000000 000000 000000 000000 000000 000000 
000000 000000 000000 000000 000000 000000 000000 000000 000000 000000 004058 004058 004058 004058 008888 008888 008888 008888 008888 008888 004058 004058 004058 000000 000000 000000 000000 000000 000000 000000 000000 000000 
000000 000000 000000 000000 000000 000000 000000 000000 000000 000000 004058 004058 004058 008888 004058 004058 004058 008888 004058 004058 004058 004058 004058 000000 000000 000000 000000 000000 000000 000000 000000 000000 
000000 000000 000000 000000 000000 000000 000000 000000 000000 004058 004058 004058 004058 004058 004058 004058 004058 004058 004058 004058 004058 004058 004058 000000 000000 000000 000000 000000 000000 000000 000000 000000 
000000 000000 000000 000000 000000 000000 000000 000000 000000 004058 004058 004058 004058 004058 004058 008888 008888 008888 008888 008888 008888 004058 000000 000000 000000 000000 000000 000000 000000 000000 000000 000000 
000000 000000 000000 000000 000000 000000 000000 000000 000000 004058 004058 004058 004058 004058 008888 004058 004058 B8F8D8 B8F8D8 B8F8D8 008888 008888 004058 000000 000000 000000 000000 000000 000000 000000 000000 000000 
000000 000000 000000 000000 000000 000000 000000 000000 000000 004058 004058 004058 004058 004058 008888 B8F8D8 B8F8D8 B8F8D8 B8F8D8 B8F8D8 B8F8D8 B8F8D8 004058 000000 000000 000000 000000 000000 000000 000000 000000 000000 
000000 000000 000000 000000 000000 000000 000000 000000 000000 004058 004058 004058 004058 004058 004058 B8F8D8 B8F8D8 004058 004058 B8F8D8 B8F8D8 B8F8D8 004058 000000 000000 000000 000000 000000 000000 000000 000000 000000 
000000 000000 000000 000000 000000 000000 000000 000000 000000 000000 004058 004058 004058 004058 004058 004058 B8F8D8 004058 004058 B8F8D8 B8F8D8 008888 004058 000000 000000 000000 000000 000000 000000 000000 000000 000000 
000000 000000 000000 000000 000000 000000 000000 000000 000000 000000 004058 004058 004058 004058 004058 004058 B8F8D8 B8F8D8 B8F8D8 B8F8D8 008888 004058 000000 000000 000000 000000 000000 000000 000000 000000 000000 000000 
000000 000000 000000 000000 000000 000000 000000 000000 000000 000000 000000 004058 004058 004058 004058 008888 008888 008888 004058 004058 004058 000000 000000 000000 000000 000000 000000 000000 000000 000000 000000 000000 
000000 000000 000000 000000 000000 000000 000000 000000 000000 000000 000000 000000 000000 004058 004058 008888 008888 008888 004058 000000 000000 000000 000000 000000 000000 000000 000000 000000 000000 000000 000000 000000 
000000 000000 000000 000000 000000 000000 000000 000000 000000 000000 000000 000000 000000 00A844 F8F8F8 F8F8F8 F8F8F8 F8F8F8 00A844 000000 000000 000000 000000 000000 000000 000000 000000 000000 000000 000000 000000 000000 
000000 000000 000000 000000 000000 000000 000000 000000 000000 000000 000000 000000 00A844 58D854 58D854 F8F8F8 F8F8F8 F8F8F8 F8F8F8 00A844 000000 000000 000000 000000 000000 000000 000000 000000 000000 000000 000000 000000 
000000 000000 000000 000000 000000 000000 000000 000000 000000 000000 000000 000000 00A844 58D854 58D854 58D854 58D854 58D854 58D854 58D854 00A844 004058 004058 004058 000000 000000 000000 000000 000000 000000 000000 000000 
000000 000000 000000 000000 000000 000000 000000 000000 000000 000000 000000 00A844 58D854 58D854 58D854 58D854 58D854 58D854 58D854 58D854 00A844 B8F8D8 B8F8D8 B8F8D8 004058 000000 000000 000000 000000 000000 000000 000000 
000000 000000 000000 000000 000000 000000 000000 000000 000000 000000 000000 00A844 58D854 58D854 58D854 58D854 58D854 58D854 58D854 00A844 B8F8D8 B8F8D8 B8F8D8 B8F8D8 B8F8D8 004058 000000 000000 000000 000000 000000 000000 
000000 000000 000000 000000 000000 000000 000000 000000 000000 000000 00A844 58D854 58D854 58D854 58D854 58D854 58D854 58D854 00A844 58D854 B8F8D8 B8F8D8 F8F8F8 004058 004058 B8F8D8 004058 000000 000000 000000 000000 000000 
000000 000000 000000 000000 000000 000000 000000 000000 000000 00A844 58D854 58D854 58D854 58D854 58D854 58D854 58D854 58D854 58D854 B8F8D8 B8F8D8 B8F8D8 004058 B8F8D8 B8F8D8 004058 F8F8F8 004058 004058 000000 000000 000000 
000000 000000 000000 000000 000000 000000 000000 00A844 00A844 58D854 58D854 58D854 58D854 58D854 58D854 58D854 58D854 58D854 58D854 B8F8D8 B8F8D8 B8F8D8 004058 B8F8D8 B8F8D8 004058 004058 B8F8D8 B8F8D8 004058 000000 000000 
000000 000000 000000 000000 000000 000000 00A844 58D854 58D854 58D854 58D854 58D854 58D854 58D854 58D854 58D854 58D854 58D854 58D854 B8F8D8 B8F8D8 B8F8D8 004058 B8F8D8 B8F8D8 004058 000000 004058 004058 000000 000000 000000 
000000 000000 000000 000000 000000 000000 000000 00A844 58D854 58D854 58D854 58D854 00A844 58D854 58D854 58D854 58D854 58D854 58D854 58D854 B8F8D8 004058 004058 B8F8D8 B8F8D8 004058 000000 000000 000000 000000 000000 000000 
000000 000000 000000 000000 000000 000000 00A844 B8F8D8 B8F8D8 58D854 58D854 58D854 00A844 58D854 58D854 58D854 58D854 58D854 58D854 58D854 00A844 000000 000000 004058 B8F8D8 004058 000000 000000 000000 000000 000000 000000 
000000 000000 000000 000000 000000 000000 000000 00A844 00A844 B8F8D8 00A844 000000 000000 00A844 00A844 58D854 58D854 58D854 58D854 00A844 000000 000000 000000 004058 B8F8D8 B8F8D8 004058 000000 000000 000000 000000 000000 
000000 000000 000000 000000 000000 000000 000000 000000 000000 00A844 000000 000000 000000 000000 000000 00A844 00A844 00A844 00A844 000000 000000 000000 000000 000000 004058 004058 000000 000000 000000 000000 000000 000000 
000000 000000 000000 000000 000000 000000 000000 000000 000000 000000 000000 000000 000000 000000 000000 000000 000000 000000 000000 000000 000000 000000 000000 000000 000000 000000 000000 000000 000000 000000 000000 000000 
000000 000000 000000 000000 000000 000000 000000 000000 000000 000000 000000 000000 000000 000000 000000 000000 000000 000000 000000 000000 000000 000000 000000 000000 000000 000000 000000 000000 000000 000000 000000 000000 
000000 000000 000000 000000 000000 000000 000000 000000 000000 000000 000000 000000 000000 000000 000000 000000 000000 000000 000000 000000 000000 000000 000000 000000 000000 000000 000000 000000 000000 000000 000000 000000 
